1 0.88125 0.6953125 0.0921875 0.0765625
1 0.49765625 0.30234375 0.05234375 0.034375
1 0.7140625 0.86328125 0.05 0.02890625
1 0.509375 0.8375 0.0546875 0.046875
1 0.4265625 0.7203125 0.0578125 0.040625
1 0.89765625 0.5234375 0.06640625 0.053125
1 0.68515625 0.6546875 0.0375 0.03203125
1 0.5421875 0.609375 0.03671875 0.02890625
1 0.37265625 0.6421875 0.0484375 0.02109375
1 0.1703125 0.659375 0.06953125 0.04453125
1 0.2953125 0.446875 0.04609375 0.03046875
1 0.38359375 0.40390625 0.03984375 0.03046875
1 0.14765625 0.459375 0.071875 0.04296875
1 0.06328125 0.453125 0.0671875 0.03046875
1 0.04140625 0.3546875 0.071875 0.040625
1 0.12578125 0.296875 0.04921875 0.01953125
1 0.2078125 0.265625 0.05859375 0.028125
1 0.14765625 0.21640625 0.0328125 0.03046875
1 0.0625 0.221875 0.05078125 0.02890625
1 0.29140625 0.19375 0.04296875 0.02890625
1 0.43125 0.15703125 0.02734375 0.021875
1 0.37109375 0.24296875 0.0265625 0.025
1 0.421875 0.25703125 0.01875 0.025
1 0.46015625 0.240625 0.0203125 0.0265625
1 0.609375 0.496875 0.03984375 0.03359375
1 0.7515625 0.4203125 0.059375 0.059375
1 0.753125 0.28828125 0.03828125 0.0265625
1 0.88046875 0.3953125 0.07578125 0.04609375
1 0.55703125 0.28671875 0.03046875 0.02109375
1 0.59765625 0.18515625 0.03046875 0.02890625
1 0.4609375 0.18515625 0.02265625 0.0125
1 0.3921875 0.203125 0.0265625 0.01640625
1 0.53125 0.228125 0.0234375 0.01796875
1 0.6265625 0.28359375 0.0265625 0.03359375
1 0.71015625 0.29140625 0.02109375 0.03046875
1 0.659375 0.24453125 0.0265625 0.021875
1 0.73046875 0.215625 0.0296875 0.02890625
1 0.7171875 0.15390625 0.0359375 0.025
1 0.82421875 0.27421875 0.05390625 0.034375
1 0.9125 0.29609375 0.06171875 0.046875
1 0.98359375 0.34375 0.0328125 0.04140625