1 0.88046875 0.78046875 0.0921875 0.0578125
1 0.63515625 0.81796875 0.12265625 0.04375
1 0.38515625 0.803125 0.09765625 0.0484375
1 0.10078125 0.828125 0.1375 0.07890625
1 0.12734375 0.4921875 0.1609375 0.08359375
1 0.3671875 0.4859375 0.184375 0.07109375
1 0.625 0.4921875 0.1265625 0.04140625
1 0.8765625 0.48671875 0.121875 0.0578125
1 0.8703125 0.14609375 0.109375 0.0421875
1 0.6234375 0.14375 0.1390625 0.0625
1 0.37890625 0.16484375 0.14609375 0.075
1 0.14765625 0.11953125 0.11015625 0.05859375