1 0.1453125 0.40390625 0.04453125 0.0375
1 0.1828125 0.44375 0.06015625 0.025
1 0.221875 0.4140625 0.04296875 0.0171875
1 0.26640625 0.3828125 0.0578125 0.01953125
1 0.30625 0.36171875 0.0453125 0.034375
1 0.3546875 0.39375 0.05234375 0.0203125
1 0.36796875 0.47578125 0.0421875 0.03125
1 0.396875 0.378125 0.0453125 0.0234375
1 0.4375 0.4171875 0.0453125 0.01328125
1 0.44140625 0.484375 0.040625 0.02890625
1 0.50234375 0.51796875 0.0390625 0.03125
1 0.51328125 0.453125 0.05546875 0.0234375
1 0.48828125 0.4109375 0.04765625 0.02109375
1 0.55390625 0.42265625 0.03125 0.021875
1 0.57421875 0.371875 0.0484375 0.01953125
1 0.5484375 0.48671875 0.0390625 0.02109375
1 0.60234375 0.47890625 0.0484375 0.0203125
1 0.59765625 0.41640625 0.03203125 0.01796875
1 0.6359375 0.3875 0.046875 0.03203125
1 0.68515625 0.40390625 0.03359375 0.02890625
1 0.73125 0.52578125 0.0375 0.0421875
1 0.728125 0.37734375 0.03515625 0.02421875
1 0.79375 0.39375 0.03984375 0.01484375
1 0.8484375 0.3578125 0.053125 0.0265625