1 0.784375 0.2171875 0.09140625 0.03671875
1 0.65234375 0.2828125 0.06953125 0.03046875
1 0.528125 0.25234375 0.0828125 0.0421875
1 0.2328125 0.12734375 0.05078125 0.03125
1 0.1578125 0.15078125 0.0609375 0.04921875
1 0.39609375 0.25234375 0.05625 0.0296875
1 0.59921875 0.1875 0.05 0.028125
1 0.69609375 0.25078125 0.025 0.03203125
1 0.46015625 0.215625 0.06328125 0.04296875
1 0.34140625 0.2046875 0.04921875 0.0265625
1 0.28515625 0.16484375 0.053125 0.04609375
1 0.428125 0.1109375 0.059375 0.0359375